         R=[000, 11111, 222222222222, 33, 44444, 55]  ███  seti      aaa bbbbbbbb c  ███           R=[  0, 11111, 222222222222, 33, 44444, 55]
██████████████████████████████████████████████████████████████████████████████████████████████████████████████████████████████████████████████
IP=    0 R=[  0,     0,            0,  0,     0,  0]  ███  seti      123        0 2  ███  IP=    1 R=[  0,     0,          123,  0,     0,  0]
IP=    1 R=[  0,     0,          123,  0,     0,  0]  ███  bani        2      456 2  ███  IP=    2 R=[  0,     0,           72,  0,     0,  1]
IP=    2 R=[  0,     0,           72,  0,     0,  1]  ███  eqri        2       72 2  ███  IP=    3 R=[  0,     0,            1,  0,     0,  2]
IP=    3 R=[  0,     0,            1,  0,     0,  2]  ███  addr        2        5 5  ███  IP=    5 R=[  0,     0,            1,  0,     0,  4]
IP=    5 R=[  0,     0,            1,  0,     0,  4]  ███  seti        0        5 2  ███  IP=    6 R=[  0,     0,            0,  0,     0,  5]
IP=    6 R=[  0,     0,            0,  0,     0,  5]  ███  bori        2    65536 4  ███  IP=    7 R=[  0,     0,            0,  0, 65536,  6]
IP=    7 R=[  0,     0,            0,  0, 65536,  6]  ███  seti  6718165        9 2  ███  IP=    8 R=[  0,     0,      6718165,  0, 65536,  7]
IP=    8 R=[  0,     0,      6718165,  0, 65536,  7]  ███  bani        4      255 3  ███  IP=    9 R=[  0,     0,      6718165,  0, 65536,  8]
IP=    9 R=[  0,     0,      6718165,  0, 65536,  8]  ███  addr        2        3 2  ███  IP=   10 R=[  0,     0,      6718165,  0, 65536,  9]
IP=   10 R=[  0,     0,      6718165,  0, 65536,  9]  ███  bani        2 16777215 2  ███  IP=   11 R=[  0,     0,      6718165,  0, 65536, 10]
IP=   11 R=[  0,     0,      6718165,  0, 65536, 10]  ███  muli        2    65899 2  ███  IP=   12 R=[  0,     0, 442720355335,  0, 65536, 11]
IP=   12 R=[  0,     0, 442720355335,  0, 65536, 11]  ███  bani        2 16777215 2  ███  IP=   13 R=[  0,     0,      3179527,  0, 65536, 12]
IP=   13 R=[  0,     0,      3179527,  0, 65536, 12]  ███  gtir      256        4 3  ███  IP=   14 R=[  0,     0,      3179527,  0, 65536, 13]
IP=   14 R=[  0,     0,      3179527,  0, 65536, 13]  ███  addr        3        5 5  ███  IP=   15 R=[  0,     0,      3179527,  0, 65536, 14]
IP=   15 R=[  0,     0,      3179527,  0, 65536, 14]  ███  addi        5        1 5  ███  IP=   17 R=[  0,     0,      3179527,  0, 65536, 16]
IP=   17 R=[  0,     0,      3179527,  0, 65536, 16]  ███  seti        0        4 3  ███  IP=   18 R=[  0,     0,      3179527,  0, 65536, 17]
IP=   18 R=[  0,     0,      3179527,  0, 65536, 17]  ███  addi        3        1 1  ███  IP=   19 R=[  0,     1,      3179527,  0, 65536, 18]
IP=   19 R=[  0,     1,      3179527,  0, 65536, 18]  ███  muli        1      256 1  ███  IP=   20 R=[  0,   256,      3179527,  0, 65536, 19]
IP=   20 R=[  0,   256,      3179527,  0, 65536, 19]  ███  gtrr        1        4 1  ███  IP=   21 R=[  0,     0,      3179527,  0, 65536, 20]
IP=   21 R=[  0,     0,      3179527,  0, 65536, 20]  ███  addr        1        5 5  ███  IP=   22 R=[  0,     0,      3179527,  0, 65536, 21]
IP=   22 R=[  0,     0,      3179527,  0, 65536, 21]  ███  addi        5        1 5  ███  IP=   24 R=[  0,     0,      3179527,  0, 65536, 23]
IP=   24 R=[  0,     0,      3179527,  0, 65536, 23]  ███  addi        3        1 3  ███  IP=   25 R=[  0,     0,      3179527,  1, 65536, 24]
IP=   25 R=[  0,     0,      3179527,  1, 65536, 24]  ███  seti       17        3 5  ███  IP=   18 R=[  0,     0,      3179527,  1, 65536, 17]
IP=   18 R=[  0,     0,      3179527,  1, 65536, 17]  ███  addi        3        1 1  ███  IP=   19 R=[  0,     2,      3179527,  1, 65536, 18]
IP=   19 R=[  0,     2,      3179527,  1, 65536, 18]  ███  muli        1      256 1  ███  IP=   20 R=[  0,   512,      3179527,  1, 65536, 19]
IP=   20 R=[  0,   512,      3179527,  1, 65536, 19]  ███  gtrr        1        4 1  ███  IP=   21 R=[  0,     0,      3179527,  1, 65536, 20]
IP=   21 R=[  0,     0,      3179527,  1, 65536, 20]  ███  addr        1        5 5  ███  IP=   22 R=[  0,     0,      3179527,  1, 65536, 21]
IP=   22 R=[  0,     0,      3179527,  1, 65536, 21]  ███  addi        5        1 5  ███  IP=   24 R=[  0,     0,      3179527,  1, 65536, 23]
IP=   24 R=[  0,     0,      3179527,  1, 65536, 23]  ███  addi        3        1 3  ███  IP=   25 R=[  0,     0,      3179527,  2, 65536, 24]
IP=   25 R=[  0,     0,      3179527,  2, 65536, 24]  ███  seti       17        3 5  ███  IP=   18 R=[  0,     0,      3179527,  2, 65536, 17]
IP=   18 R=[  0,     0,      3179527,  2, 65536, 17]  ███  addi        3        1 1  ███  IP=   19 R=[  0,     3,      3179527,  2, 65536, 18]
IP=   19 R=[  0,     3,      3179527,  2, 65536, 18]  ███  muli        1      256 1  ███  IP=   20 R=[  0,   768,      3179527,  2, 65536, 19]
IP=   20 R=[  0,   768,      3179527,  2, 65536, 19]  ███  gtrr        1        4 1  ███  IP=   21 R=[  0,     0,      3179527,  2, 65536, 20]
IP=   21 R=[  0,     0,      3179527,  2, 65536, 20]  ███  addr        1        5 5  ███  IP=   22 R=[  0,     0,      3179527,  2, 65536, 21]
IP=   22 R=[  0,     0,      3179527,  2, 65536, 21]  ███  addi        5        1 5  ███  IP=   24 R=[  0,     0,      3179527,  2, 65536, 23]
IP=   24 R=[  0,     0,      3179527,  2, 65536, 23]  ███  addi        3        1 3  ███  IP=   25 R=[  0,     0,      3179527,  3, 65536, 24]
IP=   25 R=[  0,     0,      3179527,  3, 65536, 24]  ███  seti       17        3 5  ███  IP=   18 R=[  0,     0,      3179527,  3, 65536, 17]
IP=   18 R=[  0,     0,      3179527,  3, 65536, 17]  ███  addi        3        1 1  ███  IP=   19 R=[  0,     4,      3179527,  3, 65536, 18]
IP=   19 R=[  0,     4,      3179527,  3, 65536, 18]  ███  muli        1      256 1  ███  IP=   20 R=[  0,  1024,      3179527,  3, 65536, 19]
IP=   20 R=[  0,  1024,      3179527,  3, 65536, 19]  ███  gtrr        1        4 1  ███  IP=   21 R=[  0,     0,      3179527,  3, 65536, 20]
IP=   21 R=[  0,     0,      3179527,  3, 65536, 20]  ███  addr        1        5 5  ███  IP=   22 R=[  0,     0,      3179527,  3, 65536, 21]
IP=   22 R=[  0,     0,      3179527,  3, 65536, 21]  ███  addi        5        1 5  ███  IP=   24 R=[  0,     0,      3179527,  3, 65536, 23]
IP=   24 R=[  0,     0,      3179527,  3, 65536, 23]  ███  addi        3        1 3  ███  IP=   25 R=[  0,     0,      3179527,  4, 65536, 24]
IP=   25 R=[  0,     0,      3179527,  4, 65536, 24]  ███  seti       17        3 5  ███  IP=   18 R=[  0,     0,      3179527,  4, 65536, 17]
IP=   18 R=[  0,     0,      3179527,  4, 65536, 17]  ███  addi        3        1 1  ███  IP=   19 R=[  0,     5,      3179527,  4, 65536, 18]
IP=   19 R=[  0,     5,      3179527,  4, 65536, 18]  ███  muli        1      256 1  ███  IP=   20 R=[  0,  1280,      3179527,  4, 65536, 19]
IP=   20 R=[  0,  1280,      3179527,  4, 65536, 19]  ███  gtrr        1        4 1  ███  IP=   21 R=[  0,     0,      3179527,  4, 65536, 20]
IP=   21 R=[  0,     0,      3179527,  4, 65536, 20]  ███  addr        1        5 5  ███  IP=   22 R=[  0,     0,      3179527,  4, 65536, 21]
IP=   22 R=[  0,     0,      3179527,  4, 65536, 21]  ███  addi        5        1 5  ███  IP=   24 R=[  0,     0,      3179527,  4, 65536, 23]
IP=   24 R=[  0,     0,      3179527,  4, 65536, 23]  ███  addi        3        1 3  ███  IP=   25 R=[  0,     0,      3179527,  5, 65536, 24]
IP=   25 R=[  0,     0,      3179527,  5, 65536, 24]  ███  seti       17        3 5  ███  IP=   18 R=[  0,     0,      3179527,  5, 65536, 17]
IP=   18 R=[  0,     0,      3179527,  5, 65536, 17]  ███  addi        3        1 1  ███  IP=   19 R=[  0,     6,      3179527,  5, 65536, 18]
IP=   19 R=[  0,     6,      3179527,  5, 65536, 18]  ███  muli        1      256 1  ███  IP=   20 R=[  0,  1536,      3179527,  5, 65536, 19]
IP=   20 R=[  0,  1536,      3179527,  5, 65536, 19]  ███  gtrr        1        4 1  ███  IP=   21 R=[  0,     0,      3179527,  5, 65536, 20]
IP=   21 R=[  0,     0,      3179527,  5, 65536, 20]  ███  addr        1        5 5  ███  IP=   22 R=[  0,     0,      3179527,  5, 65536, 21]
IP=   22 R=[  0,     0,      3179527,  5, 65536, 21]  ███  addi        5        1 5  ███  IP=   24 R=[  0,     0,      3179527,  5, 65536, 23]
IP=   24 R=[  0,     0,      3179527,  5, 65536, 23]  ███  addi        3        1 3  ███  IP=   25 R=[  0,     0,      3179527,  6, 65536, 24]
IP=   25 R=[  0,     0,      3179527,  6, 65536, 24]  ███  seti       17        3 5  ███  IP=   18 R=[  0,     0,      3179527,  6, 65536, 17]
IP=   18 R=[  0,     0,      3179527,  6, 65536, 17]  ███  addi        3        1 1  ███  IP=   19 R=[  0,     7,      3179527,  6, 65536, 18]
IP=   19 R=[  0,     7,      3179527,  6, 65536, 18]  ███  muli        1      256 1  ███  IP=   20 R=[  0,  1792,      3179527,  6, 65536, 19]
IP=   20 R=[  0,  1792,      3179527,  6, 65536, 19]  ███  gtrr        1        4 1  ███  IP=   21 R=[  0,     0,      3179527,  6, 65536, 20]
IP=   21 R=[  0,     0,      3179527,  6, 65536, 20]  ███  addr        1        5 5  ███  IP=   22 R=[  0,     0,      3179527,  6, 65536, 21]
IP=   22 R=[  0,     0,      3179527,  6, 65536, 21]  ███  addi        5        1 5  ███  IP=   24 R=[  0,     0,      3179527,  6, 65536, 23]
IP=   24 R=[  0,     0,      3179527,  6, 65536, 23]  ███  addi        3        1 3  ███  IP=   25 R=[  0,     0,      3179527,  7, 65536, 24]
IP=   25 R=[  0,     0,      3179527,  7, 65536, 24]  ███  seti       17        3 5  ███  IP=   18 R=[  0,     0,      3179527,  7, 65536, 17]
IP=   18 R=[  0,     0,      3179527,  7, 65536, 17]  ███  addi        3        1 1  ███  IP=   19 R=[  0,     8,      3179527,  7, 65536, 18]
IP=   19 R=[  0,     8,      3179527,  7, 65536, 18]  ███  muli        1      256 1  ███  IP=   20 R=[  0,  2048,      3179527,  7, 65536, 19]
IP=   20 R=[  0,  2048,      3179527,  7, 65536, 19]  ███  gtrr        1        4 1  ███  IP=   21 R=[  0,     0,      3179527,  7, 65536, 20]
IP=   21 R=[  0,     0,      3179527,  7, 65536, 20]  ███  addr        1        5 5  ███  IP=   22 R=[  0,     0,      3179527,  7, 65536, 21]
IP=   22 R=[  0,     0,      3179527,  7, 65536, 21]  ███  addi        5        1 5  ███  IP=   24 R=[  0,     0,      3179527,  7, 65536, 23]
IP=   24 R=[  0,     0,      3179527,  7, 65536, 23]  ███  addi        3        1 3  ███  IP=   25 R=[  0,     0,      3179527,  8, 65536, 24]
IP=   25 R=[  0,     0,      3179527,  8, 65536, 24]  ███  seti       17        3 5  ███  IP=   18 R=[  0,     0,      3179527,  8, 65536, 17]
IP=   18 R=[  0,     0,      3179527,  8, 65536, 17]  ███  addi        3        1 1  ███  IP=   19 R=[  0,     9,      3179527,  8, 65536, 18]
IP=   19 R=[  0,     9,      3179527,  8, 65536, 18]  ███  muli        1      256 1  ███  IP=   20 R=[  0,  2304,      3179527,  8, 65536, 19]
IP=   20 R=[  0,  2304,      3179527,  8, 65536, 19]  ███  gtrr        1        4 1  ███  IP=   21 R=[  0,     0,      3179527,  8, 65536, 20]
IP=   21 R=[  0,     0,      3179527,  8, 65536, 20]  ███  addr        1        5 5  ███  IP=   22 R=[  0,     0,      3179527,  8, 65536, 21]
IP=   22 R=[  0,     0,      3179527,  8, 65536, 21]  ███  addi        5        1 5  ███  IP=   24 R=[  0,     0,      3179527,  8, 65536, 23]
IP=   24 R=[  0,     0,      3179527,  8, 65536, 23]  ███  addi        3        1 3  ███  IP=   25 R=[  0,     0,      3179527,  9, 65536, 24]
IP=   25 R=[  0,     0,      3179527,  9, 65536, 24]  ███  seti       17        3 5  ███  IP=   18 R=[  0,     0,      3179527,  9, 65536, 17]
